0 0.5 685.0334 424.87542844349093 1533.999 454.883 0 0
10 0.2 447.69849999999997 22.842500000000015 1533.999 424.856 685.0334 5
20 0.6 454.7585000000001 14.425839914888813 1533.999 424.856 617.2234285714286 7
30 0.5 453.6786 14.628705323438572 1533.999 424.856 542.2396153846155 13
40 0.6 465.72433333333333 17.25371849454166 1533.999 424.856 517.6393333333334 18
50 0.4 441.71825 10.938726282684826 1533.999 424.856 504.66058333333336 24
60 0.5 445.7222 6.994180106345555 1533.999 424.856 495.66882142857145 28
70 1.6 452.23137499999996 26.39562877133969 1533.999 417.563 488.1011515151515 33
80 2.5 452.55676000000005 17.680410767354932 1533.999 417.563 476.3885714285714 49
90 0.2 488.564 51.31900000000002 1533.999 417.563 468.33728378378385 74
100 0 0 0 1533.999 417.563 468.86956578947365 76
110 0 0 0 1533.999 417.563 468.86956578947365 76
120 0 0 0 1533.999 417.563 468.86956578947365 76
130 0 0 0 1533.999 417.563 468.86956578947365 76
131 0 0 0 1533.999 417.563 468.86956578947365 76
