0 0.1 5.805436880826244 0 5.805436880826244 5.805436880826244 0 0
10 0.1 6.429479034307496 0.0 6.429479034307496 5.805436880826244 5.805436880826244 1
20 0.1 3.005155287312964 0.0 6.429479034307496 3.005155287312964 6.11745795756687 2
30 0.1 5.645364991159384 0.0 6.429479034307496 3.005155287312964 5.080023734148901 3
40 0.1 2.979632889112396 0.0 6.429479034307496 2.979632889112396 5.2213590484015215 4
50 0.1 5.24987380111055 0.0 6.429479034307496 2.979632889112396 4.773013816543696 5
60 0.1 3.56330553449583 0.0 6.429479034307496 2.979632889112396 4.8524904806381715 6
70 0.1 3.313594557137457 0.0 6.429479034307496 2.979632889112396 4.668321202617838 7
80 0.1 3.663929248262792 0.0 6.429479034307496 2.979632889112396 4.49898037193279 8
90 0.1 6.946381036886804 0.0 6.946381036886804 2.979632889112396 4.406196913747234 9
100 0.1 3.5520846454213375 0.0 6.946381036886804 2.979632889112396 4.660215326061191 10
110 0.1 3.4118091401233794 0.0 6.946381036886804 2.979632889112396 4.55947617327575 11
120 0.1 3.1921578484353397 0.0 6.946381036886804 2.979632889112396 4.463837253846386 12
130 0.1 2.4227968867687673 0.0 6.946381036886804 2.4227968867687673 4.36601576112246 13
131 0.1 2.706445115810675 0.0 6.946381036886804 2.4227968867687673 4.227214412954339 14
