0 0.1 6813.71875 0 6813.71875 6813.71875 0 0
10 0.1 6804.96875 0.0 6813.71875 6804.96875 6813.71875 1
20 0.1 6802.55078125 0.0 6813.71875 6802.55078125 6809.34375 2
30 0.1 6798.3984375 0.0 6813.71875 6798.3984375 6807.079427083333 3
40 0.1 6798.75390625 0.0 6813.71875 6798.3984375 6804.9091796875 4
50 0.1 6802.35546875 0.0 6813.71875 6798.3984375 6803.678125 5
60 0.1 6800.37890625 0.0 6813.71875 6798.3984375 6803.457682291667 6
70 0.1 6799.01953125 0.0 6813.71875 6798.3984375 6803.017857142857 7
80 0.1 6794.625 0.0 6813.71875 6794.625 6802.51806640625 8
90 0.1 6787.25390625 0.0 6813.71875 6787.25390625 6801.641059027777 9
100 0.1 6786.26953125 0.0 6813.71875 6786.26953125 6800.20234375 10
110 0.1 6793.66015625 0.0 6813.71875 6786.26953125 6798.935724431818 11
120 0.1 6790.95703125 0.0 6813.71875 6786.26953125 6798.49609375 12
130 0.1 6789.9375 0.0 6813.71875 6786.26953125 6797.916165865385 13
131 0.1 6788.79296875 0.0 6813.71875 6786.26953125 6797.346261160715 14
