0 0.1 0.23046875 0 0.23046875 0.23046875 0 0
10 0.1 0.33984375 0.0 0.33984375 0.23046875 0.23046875 1
20 0.1 0.2890625 0.0 0.33984375 0.23046875 0.28515625 2
30 0.1 0.23828125 0.0 0.33984375 0.23046875 0.2864583333333333 3
40 0.1 0.28125 0.0 0.33984375 0.23046875 0.2744140625 4
50 0.1 0.3203125 0.0 0.33984375 0.23046875 0.27578125 5
60 0.1 0.26953125 0.0 0.33984375 0.23046875 0.283203125 6
70 0.1 0.23046875 0.0 0.33984375 0.23046875 0.28125 7
80 0.1 0.19140625 0.0 0.33984375 0.19140625 0.27490234375 8
90 0.1 0.16015625 0.0 0.33984375 0.16015625 0.265625 9
100 0.1 0.140625 0.0 0.33984375 0.140625 0.255078125 10
110 0.1 0.109375 0.0 0.33984375 0.109375 0.24467329545454544 11
120 0.1 0.1015625 0.0 0.33984375 0.1015625 0.2333984375 12
130 0.1 0.078125 0.0 0.33984375 0.078125 0.22325721153846154 13
131 0.1 0.0703125 0.0 0.33984375 0.0703125 0.212890625 14
