0 1 852.6495000000001 514.78258086871 1888.949 156.593 0 0
10 2 572.98915 485.1397072353772 1888.949 133.586 852.6495000000001 10
20 2.3 648.3829130434784 571.4265986056237 2234.974 133.586 666.2092666666666 30
30 3.4 541.5512941176469 500.2707259393792 2234.974 133.586 658.4733018867926 53
40 4.2 522.998023809524 494.85998325752945 2234.974 133.586 612.7796436781609 87
50 4.6 381.9889130434783 313.9740625342376 2234.974 133.526 583.5484186046513 129
60 3 542.1156666666668 575.4029207327873 2932.013 133.526 530.567062857143 175
70 7 526.6597571428572 471.37567914609366 2932.013 132.945 532.2571024390246 205
80 11.6 588.8539051724136 719.2650989260518 5617.097 132.945 530.8323236363639 275
90 8.8 486.5095568181818 486.00536638432334 5617.097 132.945 548.0458874680307 391
100 5.3 408.6573018867924 469.4698712536596 5617.097 132.945 536.7406743215031 479
110 1.9 707.3976315789474 942.548653338451 5617.097 132.945 523.9804887218045 532
120 1.2 636.1721666666667 416.823756365092 5617.097 132.945 530.3052177858439 551
130 0.8 541.3375000000001 427.6334194076159 5617.097 132.945 532.5617069271758 563
131 0 0 0 5617.097 132.945 532.6846602451839 571
