10 0.1 7326.961 0 7326.961 7326.961 0 0
20 0.2 19749.8335 3535.1375000000007 23284.971 7326.961 7326.961 1
30 0.1 33853.437 0.0 33853.437 7326.961 15608.876000000002 3
40 0.7 24314.629714285715 10936.430444268442 40921.816 7326.961 20170.01625 4
50 0.6 18544.338 8184.693559163309 40921.816 7326.961 22807.497545454546 11
60 0.3 24549.57733333333 10785.365735308385 40921.816 7326.961 21302.853 17
70 0.7 28329.465428571424 12203.113503500348 48919.394 7326.961 21789.86165 20
80 0.6 17211.155166666667 10657.911320079691 48919.394 7326.961 23485.314481481477 27
90 1.4 16379.671785714285 5822.3440084558015 48919.394 7326.961 22344.55824242424 33
100 1.4 24201.807214285716 6551.256029062521 48919.394 7326.961 20567.783553191486 47
110 0.8 42098.72562499999 15555.80379443712 71039.072 7326.961 21401.8217704918 61
120 0.4 35863.681249999994 3247.915298585956 71039.072 7326.961 23801.462797101445 69
130 0.3 50991.85633333334 3424.822849896943 71039.072 7326.961 24462.4062739726 73
131 0 0 0 71039.072 7326.961 25509.621407894738 76
