10 0.1 7325.257 0 7325.257 7325.257 0 0
20 0.2 19747.93 3535.3299999999986 23283.26 7325.257 7325.257 1
30 0 0 0 23283.26 7325.257 15607.038999999999 3
40 0.6 21618.546666666665 9420.231466897238 40910.003 7325.257 15607.038999999999 3
50 0.5 15326.0582 4280.017249119513 40910.003 7325.257 19614.71077777778 9
60 0.1 15177.899 0.0 40910.003 7325.257 18083.049142857144 14
70 0.5 19347.808800000003 6263.873260559137 40910.003 7325.257 17889.372466666668 15
80 0.5 12604.6302 3035.4612458330216 40910.003 7325.257 18253.98155 20
90 1.3 15380.476153846153 4752.487290451259 40910.003 7325.257 17124.11128 25
100 1.1 22338.053090909092 5943.238502395297 40910.003 7325.257 16527.60452631579 38
110 0.2 34441.260500000004 10904.2555 45345.516 7325.257 17831.99093877551 49
120 0.1 30721.317 0.0 45345.516 7325.257 18483.334843137254 51
130 0.1 53174.348 0.0 53174.348 7325.257 18718.680653846153 52
131 0 0 0 53174.348 7325.257 19368.787584905658 53
