30 0.1 33850.835 0 33850.835 33850.835 0 0
40 0.1 40466.704 0.0 40466.704 33850.835 33850.835 1
50 0.1 34623.542 0.0 40466.704 33850.835 37158.769499999995 2
60 0.1 39655.343 0.0 40466.704 33850.835 36313.693666666666 3
70 0.3 40121.55966666667 6227.339787273658 48917.486 33850.835 37149.106 4
80 0.1 40222.316 0.0 48917.486 33850.835 38423.01471428572 7
90 0.1 29341.843 0.0 48917.486 29341.843 38647.927375 8
100 0.3 31025.238 3388.652142943364 48917.486 27525.866 37613.918 9
110 0.6 44648.643833333335 16030.285481742541 71037.438 26208.783 35966.748 12
120 0.3 37575.11266666666 1523.4996835838926 71037.438 26208.783 38860.71327777778 18
130 0.2 49897.951499999996 3744.1404999999995 71037.438 26208.783 38677.05604761905 21
131 0 0 0 71037.438 26208.783 39652.78608695653 23
