0 1 491.6531 117.085116005793 840.384 431.564 0 0
10 0.6 474.92933333333343 15.166674285712377 840.384 431.564 491.6531 10
20 0.4 472.09075 46.16417321026664 840.384 430.497 485.3816875 16
30 0.5 445.2722 6.497636043977824 840.384 430.497 482.72349999999994 20
40 0.5 442.14300000000003 14.69462341130251 840.384 419.488 475.2332399999999 25
50 0 0 0 840.384 419.488 469.71819999999997 30
60 0.9 446.54066666666665 15.328825047384857 840.384 417.038 469.71819999999997 30
70 2.8 446.99542857142853 15.569379920280754 840.384 409.836 464.36953846153835 39
80 2.2 506.1560909090909 119.32519962191523 1013.376 409.836 457.1087164179104 67
90 0.1 425.509 0.0 1013.376 409.836 469.2327865168539 89
100 0 0 0 1013.376 409.836 468.7469666666666 90
110 0 0 0 1013.376 409.836 468.7469666666666 90
120 0 0 0 1013.376 409.836 468.7469666666666 90
130 0 0 0 1013.376 409.836 468.7469666666666 90
130 0 0 0 1013.376 409.836 468.7469666666666 90
