0 0.1 5.863320414383753 0 5.863320414383753 5.863320414383753 0 0
10 0.1 4.259072580645161 0.0 5.863320414383753 4.259072580645161 5.863320414383753 1
20 0.1 2.802211610957527 0.0 5.863320414383753 2.802211610957527 5.061196497514457 2
30 0.1 6.104540251812286 0.0 6.104540251812286 2.802211610957527 4.308201535328814 3
40 0.1 4.785894206549118 0.0 6.104540251812286 2.802211610957527 4.757286214449682 4
50 0.1 3.200201587501575 0.0 6.104540251812286 2.802211610957527 4.763007812869569 5
60 0.1 4.162987258735966 0.0 6.104540251812286 2.802211610957527 4.502540108641569 6
70 0.1 3.0405829878125394 0.0 6.104540251812286 2.802211610957527 4.454032558655055 7
80 0.1 4.517920242301868 0.0 6.104540251812286 2.802211610957527 4.277351362299741 8
90 0.1 8.054379889701167 0.0 8.054379889701167 2.802211610957527 4.304081237855533 9
100 0.1 4.421639427340682 0.0 8.054379889701167 2.802211610957527 4.679111103040096 10
110 0.1 3.6272040302267 0.0 8.054379889701167 2.802211610957527 4.655704587067422 11
120 0.1 3.594319467135855 0.0 8.054379889701167 2.802211610957527 4.5699962073306954 12
130 0.1 3.151790216843167 0.0 8.054379889701167 2.802211610957527 4.49494415039263 13
