0 0.1 6828.06640625 0 6828.06640625 6828.06640625 0 0
10 0.1 6826.359375 0.0 6828.06640625 6826.359375 6828.06640625 1
20 0.1 6825.3203125 0.0 6828.06640625 6825.3203125 6827.212890625 2
30 0.1 6817.74609375 0.0 6828.06640625 6817.74609375 6826.58203125 3
40 0.1 6814.26953125 0.0 6828.06640625 6814.26953125 6824.373046875 4
50 0.1 6813.88671875 0.0 6828.06640625 6813.88671875 6822.35234375 5
60 0.1 6802.58203125 0.0 6828.06640625 6802.58203125 6820.94140625 6
70 0.1 6802.3359375 0.0 6828.06640625 6802.3359375 6818.318638392857 7
80 0.1 6799.875 0.0 6828.06640625 6799.875 6816.32080078125 8
90 0.1 6794.59765625 0.0 6828.06640625 6794.59765625 6814.493489583333 9
100 0.1 6794.32421875 0.0 6828.06640625 6794.32421875 6812.50390625 10
110 0.1 6790.08984375 0.0 6828.06640625 6790.08984375 6810.851207386364 11
120 0.1 6791.2734375 0.0 6828.06640625 6790.08984375 6809.12109375 12
130 0.1 6790.04296875 0.0 6828.06640625 6790.04296875 6807.748197115385 13
