0 0.1 0.19921875 0 0.19921875 0.19921875 0 0
10 0.1 0.25 0.0 0.25 0.19921875 0.19921875 1
20 0.1 0.2109375 0.0 0.25 0.19921875 0.224609375 2
30 0.1 0.1796875 0.0 0.25 0.1796875 0.22005208333333334 3
40 0.1 0.23046875 0.0 0.25 0.1796875 0.2099609375 4
50 0.1 0.19140625 0.0 0.25 0.1796875 0.2140625 5
60 0.1 0.16015625 0.0 0.25 0.16015625 0.21028645833333334 6
70 0.1 0.140625 0.0 0.25 0.140625 0.203125 7
80 0.1 0.12109375 0.0 0.25 0.12109375 0.1953125 8
90 0.1 0.1015625 0.0 0.25 0.1015625 0.1870659722222222 9
100 0.1 0.078125 0.0 0.25 0.078125 0.178515625 10
110 0.1 0.0703125 0.0 0.25 0.0703125 0.16938920454545456 11
120 0.1 0.05859375 0.0 0.25 0.05859375 0.16113281250000003 12
130 0.1 0.05078125 0.0 0.25 0.05078125 0.15324519230769235 13
