0 2.1 805.8176666666668 773.5047379171749 3303.224 135.401 0 0
10 3.1 471.2372903225805 388.12285533297177 3303.224 135.401 805.8176666666668 21
20 4 651.8108500000001 629.8795340871359 3303.224 134.831 606.3562884615384 52
30 4 615.1059499999999 743.8110175107636 3303.224 134.831 626.1191413043477 92
40 4.2 664.1633571428572 635.9954859488213 3303.224 134.831 622.7818106060605 132
50 3 587.1041333333335 466.79405671978685 3303.224 134.831 632.7704597701149 174
60 2.5 698.2803600000001 568.0481354612041 3303.224 134.831 626.0548235294118 204
70 8.7 651.6856551724138 576.114601426308 3333.43 133.638 633.9397074235808 229
80 14.1 625.9898723404253 673.7604933208185 4655.798 133.638 638.8254588607595 316
90 11.1 504.19975675675664 555.5458454389615 4655.798 133.638 634.8652450765863 457
100 8.2 450.1234756097561 420.281192026627 4655.798 133.638 609.330264084507 568
110 3.3 445.1085151515152 456.35416227418926 4655.798 133.638 589.2457153846153 650
120 1.7 437.2469411764707 622.4379962800425 4655.798 133.329 582.2815461200586 683
130 0.5 739.0232 591.0375276624658 4655.798 133.329 578.7592771428572 700
130 0 0 0 4655.798 133.329 579.8959007092199 705
