10 0.1 12339.914 0 12339.914 12339.914 0 0
20 0.3 21999.207666666665 4556.59250893723 28442.28 12339.914 12339.914 1
30 0.6 20779.580333333335 8924.887431842892 34767.619 7113.373 19584.38425 4
40 0.5 28179.632 5661.694559113483 37588.781 7113.373 20301.501900000003 10
50 0.8 28895.653625 12120.092580515658 48193.028 7113.373 22927.545266666668 15
60 0.5 27765.872600000002 14246.070500706383 53377.643 7113.373 25003.409043478263 23
70 0.2 21810.237500000003 12451.753500000003 53377.643 7113.373 25496.706107142858 28
80 0.9 16927.674777777782 4069.8077304748485 53377.643 7113.373 25250.941533333335 30
90 1.2 20933.506416666667 10719.601406831416 54017.607 7113.373 23330.18766666667 39
100 1.7 23448.379352941178 7622.954778754556 54017.607 7113.373 22766.262666666666 51
110 1 36081.3821 5718.987009750528 54017.607 7113.373 22936.791838235295 68
120 0.9 45024.240555555545 8165.320928373378 59326.208 7113.373 24621.995717948717 78
130 0.3 60643.03466666667 6782.841161728437 69418.057 7113.373 26732.57277011494 87
130 0 0 0 69418.057 7113.373 27862.921499999997 90
