0 0.6 586.9363333333334 238.5128957189154 1106.195 445.895 0 0
10 0.2 443.4065 2.999500000000012 1106.195 440.407 586.9363333333334 6
20 0.4 451.86474999999996 21.037699332091883 1106.195 436.059 551.0538750000001 8
30 0.9 452.86455555555557 21.531376526729606 1106.195 428.462 517.9908333333334 12
40 0.4 461.33575 12.13329603559972 1106.195 428.462 490.0795714285715 21
50 0.5 465.8956 11.05585529210651 1106.195 428.462 485.48056000000014 25
60 2 449.14900000000006 19.73866856705385 1106.195 409.808 482.2164000000001 30
70 2.1 451.51328571428576 18.75595561070531 1106.195 409.808 468.98944000000006 50
80 1.9 454.17452631578954 19.34550471207968 1106.195 409.808 463.82043661971835 71
90 0 0 0 1106.195 409.808 461.7840777777778 90
100 0 0 0 1106.195 409.808 461.7840777777778 90
110 0 0 0 1106.195 409.808 461.7840777777778 90
120 0 0 0 1106.195 409.808 461.7840777777778 90
130 0 0 0 1106.195 409.808 461.7840777777778 90
137 0 0 0 1106.195 409.808 461.7840777777778 90
