0 0.1 5.226329221107596 0 5.226329221107596 5.226329221107596 0 0
10 0.1 5.1869570691174625 0.0 5.226329221107596 5.1869570691174625 5.226329221107596 1
20 0.1 2.591194968553459 0.0 5.226329221107596 2.591194968553459 5.20664314511253 2
30 0.1 2.3746701846965697 0.0 5.226329221107596 2.3746701846965697 4.334827086259506 3
40 0.1 3.4135281521602217 0.0 5.226329221107596 2.3746701846965697 3.844787860868772 4
50 0.1 3.6405005688282137 0.0 5.226329221107596 2.3746701846965697 3.7585359191270618 5
60 0.1 5.585676459462867 0.0 5.585676459462867 2.3746701846965697 3.7388633607439203 6
70 0.1 5.387248066928635 0.0 5.585676459462867 2.3746701846965697 4.0026938034180555 7
80 0.1 5.160390516039052 0.0 5.585676459462867 2.3746701846965697 4.175763086356878 8
90 0.1 4.524772497472194 0.0 5.585676459462867 2.3746701846965697 4.285166134099342 9
100 0.1 3.7308713797900594 0.0 5.585676459462867 2.3746701846965697 4.3091267704366265 10
110 0.1 2.943026034461074 0.0 5.585676459462867 2.3746701846965697 4.256558098559666 11
120 0.1 4.951493007433539 0.0 5.585676459462867 2.3746701846965697 4.147097093218117 12
130 0.1 3.902807503462168 0.0 5.585676459462867 2.3746701846965697 4.208973702003918 13
137 0.1 3.2904689863842664 0.0 5.585676459462867 2.3746701846965697 4.187104687822365 14
