0 0.1 6819.73046875 0 6819.73046875 6819.73046875 0 0
10 0.1 6809.45703125 0.0 6819.73046875 6809.45703125 6819.73046875 1
20 0.1 6808.19140625 0.0 6819.73046875 6808.19140625 6814.59375 2
30 0.1 6805.328125 0.0 6819.73046875 6805.328125 6812.459635416667 3
40 0.1 6804.25390625 0.0 6819.73046875 6804.25390625 6810.6767578125 4
50 0.1 6801.1171875 0.0 6819.73046875 6801.1171875 6809.3921875 5
60 0.1 6798.84375 0.0 6819.73046875 6798.84375 6808.013020833333 6
70 0.1 6799.4453125 0.0 6819.73046875 6798.84375 6806.703125 7
80 0.1 6795.04296875 0.0 6819.73046875 6795.04296875 6805.7958984375 8
90 0.1 6790.23046875 0.0 6819.73046875 6790.23046875 6804.601128472223 9
100 0.1 6792.14453125 0.0 6819.73046875 6790.23046875 6803.1640625 10
110 0.1 6790.421875 0.0 6819.73046875 6790.23046875 6802.162286931818 11
120 0.1 6783.83984375 0.0 6819.73046875 6783.83984375 6801.183919270833 12
130 0.1 6785.23828125 0.0 6819.73046875 6783.83984375 6799.849759615385 13
137 0.1 6785.26953125 0.0 6819.73046875 6783.83984375 6798.806082589285 14
