0 0.1 0.37109375 0 0.37109375 0.37109375 0 0
10 0.1 0.390625 0.0 0.390625 0.37109375 0.37109375 1
20 0.1 0.328125 0.0 0.390625 0.328125 0.380859375 2
30 0.1 0.28125 0.0 0.390625 0.28125 0.36328125 3
40 0.1 0.23828125 0.0 0.390625 0.23828125 0.3427734375 4
50 0.1 0.359375 0.0 0.390625 0.23828125 0.321875 5
60 0.1 0.30078125 0.0 0.390625 0.23828125 0.328125 6
70 0.1 0.26171875 0.0 0.390625 0.23828125 0.32421875 7
80 0.1 0.2890625 0.0 0.390625 0.23828125 0.31640625 8
90 0.1 0.328125 0.0 0.390625 0.23828125 0.3133680555555556 9
100 0.1 0.28125 0.0 0.390625 0.23828125 0.31484375 10
110 0.1 0.23046875 0.0 0.390625 0.23046875 0.3117897727272727 11
120 0.1 0.19921875 0.0 0.390625 0.19921875 0.3050130208333333 12
130 0.1 0.171875 0.0 0.390625 0.171875 0.296875 13
137 0.1 0.140625 0.0 0.390625 0.140625 0.28794642857142855 14
