0 1.4 714.1184285714286 570.2934019209154 1894.122 145.621 0 0
10 1.8 763.2762777777778 837.4267792644989 3646.177 140.873 714.1184285714286 14
20 2.4 590.8772916666668 624.7413955903061 3646.177 139.906 741.76971875 32
30 3.6 498.65161111111087 418.4785740442048 3646.177 138.976 677.1015357142858 56
40 4.8 509.0214791666665 467.2615951640022 3646.177 138.976 607.273304347826 92
50 3.9 659.3965641025642 556.8324426255609 3646.177 138.976 573.5869642857141 140
60 5.8 585.1113965517242 636.1858893107976 3646.177 133.95 592.282910614525 179
70 12.5 559.4711120000002 616.9443357683701 4485.241 133.95 590.5278565400844 237
80 13.3 612.6772255639099 571.0582941432898 4485.241 133.95 579.8038425414364 362
90 10.7 447.95140186915893 513.8003611798634 4485.241 133.758 588.636488888889 495
100 4.6 575.7055217391304 557.5489426653108 4485.241 133.758 563.6310000000001 602
110 2.2 561.2881363636363 465.3037581350191 4485.241 133.758 564.4881419753086 648
120 0.3 215.68366666666665 106.88040065211001 4485.241 133.758 564.383067164179 670
130 0.3 825.5396666666666 78.4665812191548 4485.241 133.758 562.8286864784545 673
137 0.4 258.841 117.74523100745948 4485.241 133.758 563.9945636094673 676
