20 0.3 17248.988333333335 1686.1025508353734 19490.582 15424.021 0 0
30 0.1 10179.36 0.0 19490.582 10179.36 17248.988333333335 3
40 0.5 21526.5264 11363.740141789314 41656.346 9421.443 15481.581250000001 4
50 0.8 27446.093 13400.938780850662 49480.986 9421.443 18839.88411111111 9
60 0.6 27217.755 13278.322597521734 54997.008 9421.443 22889.864764705882 17
70 0.6 18715.428833333335 2934.4329457580848 54997.008 9421.443 24018.879608695654 23
80 1.4 19510.299714285713 11912.638895585882 54997.008 9293.163 22921.613931034484 29
90 2.3 20901.704695652174 7479.323445080326 54997.008 8537.964 21810.95348837209 43
100 1.3 35565.342000000004 16725.81974649328 89561.103 8537.964 21494.09406060606 66
110 0.5 39649.590000000004 7228.666742115975 89561.103 8537.964 23809.615873417722 79
120 0.2 50254.6455 4447.416499999999 89561.103 8537.964 24752.471476190476 84
130 0.1 54641.553 0.0 89561.103 8537.964 25345.545290697675 86
137 0.3 62830.767 6043.448672324163 89561.103 8537.964 25682.28101149425 87
