40 0.1 41644.458 0 41644.458 41644.458 0 0
50 0.3 42242.02466666667 8541.268731704611 49479.248 30248.041 41644.458 1
60 0.2 42401.1505 12594.184500000001 54995.335 29806.966 42092.633 4
70 0.1 23252.218 0.0 54995.335 23252.218 42195.47216666667 6
80 0.2 47533.130999999994 494.4290000000019 54995.335 23252.218 39489.293 7
90 0.3 27572.323999999997 2714.667950277652 54995.335 23252.218 41276.81255555555 9
100 0.7 42242.53528571429 20005.64049790344 89559.16 22983.65 37850.690416666665 12
110 0.4 41789.98075 6509.412405070921 89559.16 22983.65 39468.73852631579 19
120 0.2 50252.442500000005 4447.8055 89559.16 22983.65 39872.43282608696 23
130 0.1 54639.574 0.0 89559.16 22983.65 40702.833600000005 25
137 0.2 66682.7965 3197.083499999997 89559.16 22983.65 41238.862076923084 26
