20 0.3 17247.339 1686.0337198484501 19488.929 15422.612 0 0
30 0.1 10176.509 0.0 19488.929 10176.509 17247.339 3
40 0.3 13402.051666666666 2861.304106954302 19488.929 9419.742 15479.6315 4
50 0.6 19764.943000000003 5914.4306260653975 28953.875 9419.742 14589.240142857143 7
60 0.4 19622.828 3496.2586226298386 28953.875 9419.742 16978.02607692308 13
70 0.5 17805.821799999998 2321.3884667049933 28953.875 9419.742 17600.33241176471 17
80 1.2 14837.647500000001 3579.007590113436 28953.875 9291.189 17647.03454545455 22
90 2 19898.67794999999 7452.8896106634475 36473.605 8535.902 16655.48617647059 34
100 0.6 27770.81183333333 5141.195917033228 38241.523 8535.902 17856.66831481481 54
110 0.1 31079.103 0.0 38241.523 8535.902 18848.08266666666 60
120 0 0 0 38241.523 8535.902 19048.591196721307 61
130 0 0 0 38241.523 8535.902 19048.591196721307 61
137 0.1 55120.527 0.0 55120.527 8535.902 19048.591196721307 61
