0 0.3 667.0880000000001 309.0190218557212 1103.747 433.402 0 0
10 0.5 456.55 21.68835979967134 1103.747 433.402 667.0880000000001 3
20 0.6 443.1521666666667 15.83246589992291 1103.747 419.89 535.50175 8
30 0.8 451.76800000000003 23.055877878536737 1103.747 419.89 495.9233571428571 14
40 0.6 451.81016666666665 25.87805787674611 1103.747 419.89 479.86686363636363 22
50 0.2 438.472 10.402000000000001 1103.747 419.89 473.8547142857143 28
60 2 448.67404999999997 17.045517394538074 1103.747 417.866 471.4958666666667 30
71 1.9 452.7752105263157 21.748330006254296 1103.747 417.866 462.36714 50
80 2.1 458.01538095238107 23.403134536651052 1103.747 417.866 459.725884057971 69
90 0 0 0 1103.747 417.866 459.3267666666667 90
100 0 0 0 1103.747 417.866 459.3267666666667 90
110 0 0 0 1103.747 417.866 459.3267666666667 90
120 0 0 0 1103.747 417.866 459.3267666666667 90
130 0 0 0 1103.747 417.866 459.3267666666667 90
