0 0.1 5.401838480915703 0 5.401838480915703 5.401838480915703 0 0
10 0.1 13.945322297466767 0.0 13.945322297466767 5.401838480915703 5.401838480915703 1
20 0.1 3.5200605601816806 0.0 13.945322297466767 3.5200605601816806 9.673580389191235 2
30 0.1 3.5142965108955786 0.0 13.945322297466767 3.5142965108955786 7.622407112854717 3
40 0.1 5.736981465136805 0.0 13.945322297466767 3.5142965108955786 6.595379462364932 4
50 0.1 4.002013591744274 0.0 13.945322297466767 3.5142965108955786 6.423699862919307 5
60 0.1 3.5997482693517933 0.0 13.945322297466767 3.5142965108955786 6.020085484390134 6
71 0.1 3.774299419338551 0.0 13.945322297466767 3.5142965108955786 5.674323025098943 7
80 0.1 5.458459979736576 0.0 13.945322297466767 3.5142965108955786 5.436820074378894 8
90 0.1 5.2105729100796765 0.0 13.945322297466767 3.5142965108955786 5.439224508307525 9
100 0.1 8.530805687203792 0.0 13.945322297466767 3.5142965108955786 5.4163593484847405 10
110 0.1 4.461013522052319 0.0 13.945322297466767 3.5142965108955786 5.699490833822836 11
120 0.1 4.723415003788835 0.0 13.945322297466767 3.5142965108955786 5.596284391175293 12
130 0.1 2.9803822937625757 0.0 13.945322297466767 2.9803822937625757 5.529140592145565 13
