0 0.1 6814.5234375 0 6814.5234375 6814.5234375 0 0
10 0.1 6824.2265625 0.0 6824.2265625 6814.5234375 6814.5234375 1
20 0.1 6819.984375 0.0 6824.2265625 6814.5234375 6819.375 2
30 0.1 6813.12109375 0.0 6824.2265625 6813.12109375 6819.578125 3
40 0.1 6807.51953125 0.0 6824.2265625 6807.51953125 6817.9638671875 4
50 0.1 6808.3125 0.0 6824.2265625 6807.51953125 6815.875 5
60 0.1 6810.03515625 0.0 6824.2265625 6807.51953125 6814.614583333333 6
71 0.1 6807.2734375 0.0 6824.2265625 6807.2734375 6813.960379464285 7
80 0.1 6802.19921875 0.0 6824.2265625 6802.19921875 6813.12451171875 8
90 0.1 6797.76953125 0.0 6824.2265625 6797.76953125 6811.910590277777 9
100 0.1 6785.33203125 0.0 6824.2265625 6785.33203125 6810.496484375 10
110 0.1 6780.41015625 0.0 6824.2265625 6780.41015625 6808.208806818182 11
120 0.1 6777.6484375 0.0 6824.2265625 6777.6484375 6805.892252604167 12
130 0.1 6778.265625 0.0 6824.2265625 6777.6484375 6803.719651442308 13
