0 0.1 0.6796875 0 0.6796875 0.6796875 0 0
10 0.1 0.73046875 0.0 0.73046875 0.6796875 0.6796875 1
20 0.1 0.609375 0.0 0.73046875 0.609375 0.705078125 2
30 0.1 0.51953125 0.0 0.73046875 0.51953125 0.6731770833333334 3
40 0.1 0.76171875 0.0 0.76171875 0.51953125 0.634765625 4
50 0.1 0.640625 0.0 0.76171875 0.51953125 0.66015625 5
60 0.1 0.5390625 0.0 0.76171875 0.51953125 0.6569010416666666 6
71 0.1 0.5390625 0.0 0.76171875 0.51953125 0.6400669642857143 7
80 0.1 0.4609375 0.0 0.76171875 0.4609375 0.62744140625 8
90 0.1 0.390625 0.0 0.76171875 0.390625 0.6089409722222222 9
100 0.1 0.80859375 0.0 0.80859375 0.390625 0.587109375 10
110 0.1 0.6796875 0.0 0.80859375 0.390625 0.6072443181818182 11
120 0.1 0.578125 0.0 0.80859375 0.390625 0.6132812500000001 12
130 0.1 0.48828125 0.0 0.80859375 0.390625 0.6105769230769232 13
