0 0.8 483.778375 366.37992754650793 1241.758 135.127 0 0
10 1.7 479.4387647058824 404.0744234029361 1489.997 135.127 483.778375 8
20 3.2 454.56281250000006 393.6772511249251 1868.848 133.948 480.8274400000001 25
30 3.9 495.1675641025641 398.465920194373 1868.848 133.948 466.08238596491236 57
40 4.4 484.5072045454546 408.5760438423795 1868.848 133.948 477.89823958333335 96
50 3.8 518.0297631578948 517.0242548906006 2222.557 133.948 479.97534285714295 140
60 5.7 648.1099298245616 560.7610937303999 2666.316 133.948 488.0993202247191 178
71 9.7 524.9734845360825 511.77304540385916 2666.316 133.948 526.9104042553191 235
80 12.2 533.6000655737706 463.91981737882134 2666.316 133.948 526.3444969879517 332
90 9.7 569.7456701030926 581.654902416146 2734.754 133.948 528.2942312775331 454
100 5.2 481.27738461538473 472.01161914793977 2734.754 133.948 535.5914900181488 551
110 2.1 651.7434761904763 507.2381445731026 2734.754 133.948 530.9076865671641 603
120 1.5 630.3297333333333 518.8087303020856 2734.754 133.948 534.9742756410257 624
130 0.6 867.0991666666667 446.0168857735533 2734.754 133.948 537.2126666666667 639
