10 0.1 16475.855 0 16475.855 16475.855 0 0
20 0.4 13555.27075 1459.322051686737 16475.855 11935.973 16475.855 1
30 0.7 15784.677714285715 6769.3158537860845 25847.241 8369.218 14139.387599999998 5
40 0.2 14328.0945 175.29250000000093 25847.241 8369.218 15099.140166666666 12
50 0.6 21332.784000000003 5078.364863835669 29771.358 8369.218 14988.990785714284 14
60 0.4 19262.17975 5838.584870194505 29771.358 8369.218 16892.12875 20
71 0.7 22688.958285714285 10225.63063434256 35775.729 8369.218 17287.13725 24
80 1.4 19970.635785714287 7139.9570638774685 38213.021 8369.218 18506.90329032258 31
90 1.5 19056.16506666666 5864.617340768923 38213.021 8369.218 18962.28673333333 45
100 1.7 26733.49288235294 7060.3568153146225 41153.278 8369.218 18985.756316666662 60
110 0.6 31818.426333333333 4633.816206214544 41153.278 8369.218 20696.295558441554 77
120 0.4 40777.292 4150.004448047919 46014.144 8369.218 21500.30501204819 83
130 0.3 59511.579666666665 6479.400961201184 68484.65 8369.218 22386.60326436781 87
