20 0.5 14135.722399999999 1749.0155729351977 16464.564 11934.399 0 0
30 0.7 15782.444857142857 6768.696181423409 25842.858 8367.645 14135.722399999999 5
40 0.2 14325.956 174.90899999999965 25842.858 8367.645 15096.3105 12
50 0.5 19643.3042 3722.5529114635515 25842.858 8367.645 14986.259857142857 14
60 0.3 17079.596999999998 5140.801320736747 25842.858 8367.645 16211.797842105263 19
71 0.4 14161.744749999998 3505.0008848340094 25842.858 8367.645 16330.134090909089 22
80 1.3 18952.23338461539 6358.751067163166 38211.436 8367.645 15996.535730769228 26
90 1.3 17763.374769230777 5170.792393716329 38211.436 8367.645 16981.768282051282 39
100 1.1 23731.36227272727 4873.790490698236 38211.436 8367.645 17177.169903846156 52
110 0.5 30317.1268 3503.928166511717 38211.436 8367.645 18321.5526984127 63
120 0.1 35511.66 0.0 38211.436 8367.645 19203.580205882354 68
130 0 0 0 38211.436 8367.645 19439.929188405797 69
