0 0.5 526.4784000000001 148.82341651044032 823.677 436.675 0 0
10 0.7 459.651 34.34698953745022 823.677 419.655 526.4784000000001 5
20 0.4 444.67175000000003 23.950407808375605 823.677 415.871 487.49575000000004 12
30 0.7 474.1861428571429 40.77749386059691 823.677 415.871 476.78975 16
40 0.4 737.2330000000001 459.77310751989404 1532.163 415.871 475.997347826087 23
50 0.3 477.10533333333336 28.089173529236408 1532.163 415.871 514.698925925926 27
60 0.7 455.5637142857143 21.11684493962302 1532.163 415.871 510.9395666666668 30
70 2.5 452.42499999999995 19.10792145053981 1532.163 409.451 500.4630540540541 37
80 1.9 467.1037894736842 48.32787994040942 1532.163 409.451 481.092870967742 62
90 0.5 437.81940000000003 20.061414173482422 1532.163 409.451 477.8114814814815 81
100 0 0 0 1532.163 409.451 475.4863604651163 86
110 0 0 0 1532.163 409.451 475.4863604651163 86
120 0 0 0 1532.163 409.451 475.4863604651163 86
122 0 0 0 1532.163 409.451 475.4863604651163 86
