0 0.1 5.752643255376691 0 5.752643255376691 5.752643255376691 0 0
10 0.1 3.911457678279462 0.0 5.752643255376691 3.911457678279462 5.752643255376691 1
20 0.1 3.109656301145663 0.0 5.752643255376691 3.109656301145663 4.832050466828076 2
30 0.1 2.994087306579444 0.0 5.752643255376691 2.994087306579444 4.257919078267272 3
40 0.1 4.723516815719863 0.0 5.752643255376691 2.994087306579444 3.9419611353453154 4
50 0.1 4.200302724520686 0.0 5.752643255376691 2.994087306579444 4.0982722714202255 5
60 0.1 2.9056603773584904 0.0 5.752643255376691 2.9056603773584904 4.115277346936969 6
70 0.1 2.9715436917652984 0.0 5.752643255376691 2.9056603773584904 3.942474922711472 7
80 0.1 5.73562927323373 0.0 5.752643255376691 2.9056603773584904 3.8211085188432 8
90 0.1 5.5190704723415 0.0 5.752643255376691 2.9056603773584904 4.033833047108814 9
100 0.1 5.999492643328259 0.0 5.999492643328259 2.9056603773584904 4.182356789632083 10
110 0.1 4.269521410579345 0.0 5.999492643328259 2.9056603773584904 4.347550958149917 11
120 0.1 3.7429111531190924 0.0 5.999492643328259 2.9056603773584904 4.341048495852369 12
122 0.1 3.4430571320469165 0.0 5.999492643328259 2.9056603773584904 4.295037931026732 13
