0 0.1 6811.0703125 0 6811.0703125 6811.0703125 0 0
10 0.1 6805.09375 0.0 6811.0703125 6805.09375 6811.0703125 1
20 0.1 6804.36328125 0.0 6811.0703125 6804.36328125 6808.08203125 2
30 0.1 6802.88671875 0.0 6811.0703125 6802.88671875 6806.842447916667 3
40 0.1 6804.64453125 0.0 6811.0703125 6802.88671875 6805.853515625 4
50 0.1 6807.984375 0.0 6811.0703125 6802.88671875 6805.61171875 5
60 0.1 6804.3203125 0.0 6811.0703125 6802.88671875 6806.007161458333 6
70 0.1 6799.30859375 0.0 6811.0703125 6799.30859375 6805.766183035715 7
80 0.1 6793.15625 0.0 6811.0703125 6793.15625 6804.958984375 8
90 0.1 6792.69140625 0.0 6811.0703125 6792.69140625 6803.647569444444 9
100 0.1 6791.921875 0.0 6811.0703125 6791.921875 6802.551953125 10
110 0.1 6784.56640625 0.0 6811.0703125 6784.56640625 6801.585582386364 11
120 0.1 6789.66796875 0.0 6811.0703125 6784.56640625 6800.167317708333 12
122 0.1 6783.48828125 0.0 6811.0703125 6783.48828125 6799.3596754807695 13
