0 0.1 0.12109375 0 0.12109375 0.12109375 0 0
10 0.1 0.171875 0.0 0.171875 0.12109375 0.12109375 1
20 0.1 0.140625 0.0 0.171875 0.12109375 0.146484375 2
30 0.1 0.12109375 0.0 0.171875 0.12109375 0.14453125 3
40 0.1 0.1015625 0.0 0.171875 0.1015625 0.138671875 4
50 0.1 0.16015625 0.0 0.171875 0.1015625 0.13125 5
60 0.1 0.140625 0.0 0.171875 0.1015625 0.13606770833333334 6
70 0.1 0.109375 0.0 0.171875 0.1015625 0.13671875 7
80 0.1 0.1015625 0.0 0.171875 0.1015625 0.13330078125 8
90 0.1 0.23828125 0.0 0.23828125 0.1015625 0.12977430555555555 9
100 0.1 0.19921875 0.0 0.23828125 0.1015625 0.140625 10
110 0.1 0.328125 0.0 0.328125 0.1015625 0.14595170454545456 11
120 0.1 0.28125 0.0 0.328125 0.1015625 0.16113281250000003 12
122 0.1 0.23828125 0.0 0.328125 0.1015625 0.1703725961538462 13
