0 0.6 571.4441666666667 324.4515688889055 968.649 139.551 0 0
10 3.1 490.438322580645 425.42135274461384 1778.495 136.312 571.4441666666667 6
20 4.1 555.2775121951217 493.8952279101762 1778.495 134.575 503.57440540540523 37
30 4.2 607.4441190476189 564.4812467512688 2246.883 133.823 530.7516794871792 78
40 4.4 537.3976590909089 521.5370211415285 2381.303 132.596 557.5940333333331 120
50 3.6 704.9036388888888 651.4971273890858 2867.35 132.596 552.1754939024388 164
60 1.9 793.5014736842107 777.0972708559901 3465.969 132.596 579.6665599999998 200
70 7.6 725.1104868421054 590.028455876416 3465.969 132.596 598.2184474885843 219
80 12.1 518.8138760330579 456.3727674475061 3465.969 132.596 630.9092779661016 295
90 11 542.5289090909089 525.3305160796918 3465.969 132.596 598.3046057692308 416
100 5.5 497.4785090909092 466.5493333715631 3465.969 132.596 586.6404866920151 526
110 4 490.63935000000004 548.7568903701597 3465.969 132.596 578.2000240963855 581
120 0.5 870.9346000000002 412.7042531831239 3465.969 132.596 572.5600450885669 621
122 0 0 0 3465.969 132.596 574.9432284345049 626
