20 0.3 16378.131 4708.239342012539 22945.139 12142.219 0 0
30 0.6 22745.600833333334 3172.385360033804 27206.563 12142.219 16378.131 3
40 0.5 18416.2736 8095.803841290983 32959.02 10889.512 20623.110888888892 9
50 0.9 31182.54744444444 13087.75445950015 53329.794 10889.512 19834.954714285715 14
60 0.4 24512.46075 10000.38642058084 53329.794 10889.512 24275.317086956526 23
70 0.2 27527.413500000002 468.89150000000063 53329.794 10889.512 24310.449481481483 27
80 1.4 15504.46592857143 6447.5640209267 53329.794 9344.936 24532.309068965522 29
90 1.4 18100.88085714286 7113.933513650567 53329.794 6691.804 21593.011302325584 43
100 1.3 21152.051692307694 6064.139882889138 53329.794 6691.804 20735.29505263158 57
110 1.1 39931.465818181816 7207.166038416522 53329.794 6691.804 20812.692714285713 70
120 0.5 38323.046599999994 8012.931461076769 53329.794 6691.804 23409.069308641978 81
122 0 0 0 53329.794 6691.804 24276.16101162791 86
