20 0.3 16375.476333333332 4707.2346319752205 22941.136 12140.716 0 0
30 0.5 22391.6846 3367.5756185759865 27204.993 12140.716 16375.476333333332 3
40 0.5 18414.4264 8095.8850862667905 32957.225 10887.774 20135.6065 8
50 0.3 24274.686666666665 8015.951330760617 32957.225 10887.774 19473.614153846152 13
60 0.4 21160.182500000003 8416.23030465937 34737.157 10887.774 20373.81525 16
70 0.2 27525.8655 469.0095000000001 34737.157 10887.774 20531.0887 20
80 1.4 15502.329785714286 6447.568160340369 36561.025 9343.162 21166.9775 22
90 1.3 17181.30546153846 6536.036239604087 36561.025 6689.705 18964.058944444445 36
100 1.1 19625.294363636363 5148.290182681594 36561.025 6689.705 18491.083530612246 49
110 0.3 30176.969333333338 3506.0903120676858 36561.025 6689.705 18699.022183333338 60
120 0.1 28271.464 0.0 36561.025 6689.705 19245.5910952381 63
122 0 0 0 36561.025 6689.705 19386.620359375003 64
