30 0.1 24499.348 0 24499.348 24499.348 0 0
40 0 0 0 24499.348 24499.348 24499.348 1
50 0.5 37462.967599999996 13372.187724896905 53328.156 18262.182 24499.348 1
60 0.1 33890.18 0.0 53328.156 18262.182 35302.36433333333 6
70 0 0 0 53328.156 18262.182 35100.62371428571 7
80 0 0 0 53328.156 18262.182 35100.62371428571 7
90 0.1 30024.199 0.0 53328.156 18262.182 35100.62371428571 7
100 0.2 29535.556 3183.5329999999994 53328.156 18262.182 34466.070625 8
110 0.8 43586.934499999996 4215.475899036222 53328.156 18262.182 33479.9677 10
120 0.4 40833.30575 6977.83240499585 53328.156 18262.182 37971.95294444444 18
122 0 0 0 53328.156 18262.182 38492.198909090905 22
