0 0.2 729.2595 289.1725 1018.432 440.087 0 0
10 0.5 446.677 7.855718961368211 1018.432 434.661 729.2595 2
20 0.2 493.6425 59.190499999999986 1018.432 434.452 527.4148571428572 7
30 1.1 441.2996363636363 15.847720497241177 1018.432 411.319 519.9098888888889 9
40 0.3 477.0043333333333 30.967756891465196 1018.432 411.319 476.67425000000003 20
50 0.6 441.31600000000003 21.41974020228382 1018.432 411.319 476.7173043478261 23
60 0.2 484.162 33.77699999999999 1018.432 411.319 469.39289655172416 29
70 2.2 443.53140909090905 14.345891387302537 1018.432 411.319 470.3457419354839 31
80 2 444.58215 18.27432645892866 1018.432 408.768 459.21526415094337 53
90 1.7 623.4806470588235 705.3696869181804 3444.394 408.768 455.2061917808219 73
100 0 0 0 3444.394 408.768 486.99136666666664 90
110 0 0 0 3444.394 408.768 486.99136666666664 90
120 0 0 0 3444.394 408.768 486.99136666666664 90
130 0 0 0 3444.394 408.768 486.99136666666664 90
140 0 0 0 3444.394 408.768 486.99136666666664 90
142 0 0 0 3444.394 408.768 486.99136666666664 90
