0 0.1 5.613239574777489 0 5.613239574777489 5.613239574777489 0 0
10 0.1 4.954841946813849 0.0 5.613239574777489 4.954841946813849 5.613239574777489 1
20 0.1 2.772550495546356 0.0 5.613239574777489 2.772550495546356 5.284040760795669 2
30 0.1 4.743928526487983 0.0 5.613239574777489 2.772550495546356 4.446877339045898 3
40 0.1 3.5233421416886874 0.0 5.613239574777489 2.772550495546356 4.521140135906419 4
50 0.1 6.483600305110603 0.0 6.483600305110603 2.772550495546356 4.321580537062873 5
60 0.1 4.611314098525892 0.0 6.483600305110603 2.772550495546356 4.681917165070828 6
70 0.1 3.7600603621730384 0.0 6.483600305110603 2.772550495546356 4.671831012707265 7
80 0.1 4.0085717887306185 0.0 6.483600305110603 2.772550495546356 4.557859681390486 8
90 0.1 4.134530281957264 0.0 6.483600305110603 2.772550495546356 4.496827693317168 9
100 0.1 4.754678806272129 0.0 6.483600305110603 2.772550495546356 4.4605979521811765 10
110 0.1 4.929221435793731 0.0 6.483600305110603 2.772550495546356 4.487332575280354 11
120 0.1 3.4382871536523933 0.0 6.483600305110603 2.772550495546356 4.524156646989803 12
130 0.1 2.019821854221553 0.0 6.483600305110603 2.019821854221553 4.440628224425387 13
140 0.1 2.019315188762072 0.0 6.483600305110603 2.019315188762072 4.267713483696542 14
142 0.1 1.9187358916478554 0.0 6.483600305110603 1.9187358916478554 4.117820264034244 15
