0 0.1 6816.2578125 0 6816.2578125 6816.2578125 0 0
10 0.1 6804.359375 0.0 6816.2578125 6804.359375 6816.2578125 1
20 0.1 6801.04296875 0.0 6816.2578125 6801.04296875 6810.30859375 2
30 0.1 6798.2890625 0.0 6816.2578125 6798.2890625 6807.220052083333 3
40 0.1 6798.37109375 0.0 6816.2578125 6798.2890625 6804.9873046875 4
50 0.1 6793.671875 0.0 6816.2578125 6793.671875 6803.6640625 5
60 0.1 6792.7109375 0.0 6816.2578125 6792.7109375 6801.998697916667 6
70 0.1 6791.8125 0.0 6816.2578125 6791.8125 6800.671875 7
80 0.1 6790.75 0.0 6816.2578125 6790.75 6799.564453125 8
90 0.1 6787.515625 0.0 6816.2578125 6787.515625 6798.585069444444 9
100 0.1 6779.609375 0.0 6816.2578125 6779.609375 6797.478125 10
110 0.1 6771.9375 0.0 6816.2578125 6771.9375 6795.853693181818 11
120 0.1 6772.67578125 0.0 6816.2578125 6771.9375 6793.860677083333 12
130 0.1 6772.4296875 0.0 6816.2578125 6771.9375 6792.231069711538 13
140 0.1 6774.02734375 0.0 6816.2578125 6771.9375 6790.816685267857 14
142 0.1 6772.80859375 0.0 6816.2578125 6771.9375 6789.697395833334 15
