0 0.1 0.28125 0 0.28125 0.28125 0 0
10 0.1 0.23046875 0.0 0.28125 0.23046875 0.28125 1
20 0.1 0.19921875 0.0 0.28125 0.19921875 0.255859375 2
30 0.1 0.23828125 0.0 0.28125 0.19921875 0.23697916666666666 3
40 0.1 0.19921875 0.0 0.28125 0.19921875 0.2373046875 4
50 0.1 0.171875 0.0 0.28125 0.171875 0.2296875 5
60 0.1 0.140625 0.0 0.28125 0.140625 0.22005208333333334 6
70 0.1 0.12109375 0.0 0.28125 0.12109375 0.20870535714285715 7
80 0.1 0.1796875 0.0 0.28125 0.12109375 0.19775390625 8
90 0.1 0.1484375 0.0 0.28125 0.12109375 0.1957465277777778 9
100 0.1 0.12890625 0.0 0.28125 0.12109375 0.191015625 10
110 0.1 0.109375 0.0 0.28125 0.109375 0.18536931818181818 11
120 0.1 0.08984375 0.0 0.28125 0.08984375 0.17903645833333334 12
130 0.1 0.078125 0.0 0.28125 0.078125 0.17217548076923078 13
140 0.1 0.0703125 0.0 0.28125 0.0703125 0.16545758928571427 14
142 0.1 0.05859375 0.0 0.28125 0.05859375 0.15911458333333334 15
