0 0.3 816.0933333333334 643.1713529919966 1692.65 167.481 0 0
10 1.4 764.9718571428572 673.425045743968 2222.139 139.932 816.0933333333334 3
20 1.8 490.6743888888889 348.49861698245246 2222.139 139.932 773.9932941176471 17
30 5.1 504.34123529411767 352.47431480197406 2222.139 138.799 628.2864285714286 35
40 3.3 397.621696969697 432.16796613553663 2222.139 134.553 554.7840465116279 86
50 3.9 593.5347948717948 714.3599732878764 2747.794 134.553 511.2012100840336 119
60 2.2 562.9310454545455 607.6914506964023 2747.794 134.553 531.5240569620254 158
70 5.7 711.0773508771931 508.517047274237 2747.794 132.769 535.362688888889 180
80 11.5 476.1420521739128 491.27574586551606 2747.794 132.769 577.62317721519 237
90 13.2 519.3040227272728 641.3188381867627 5265.414 132.769 544.4688323863637 352
100 9.3 501.5041075268818 581.5989848314722 5265.414 132.769 537.6057024793389 484
110 5 405.8947600000003 411.23366729569017 5265.414 132.769 531.7869012131716 577
120 2.4 744.2717083333335 567.2482550736698 5265.414 132.769 521.7476555023924 627
130 1.6 751.0271875 884.9941207397382 5265.414 132.769 529.9513072196621 651
140 0.3 639.0196666666667 23.19764708375017 5265.414 132.769 535.2544767616192 667
142 0 0 0 5265.414 132.769 535.7190970149254 670
