20 0.2 15464.5195 2453.2715000000007 17917.791 13011.248 0 0
30 0.3 27534.504 1351.6141447232646 29308.112 13011.248 15464.5195 2
40 0.6 15930.364000000001 5843.95501847322 29308.112 9662.641 22706.5102 5
50 0.8 20082.837499999998 9502.118521105043 41117.038 8656.893 19010.430454545454 11
60 0.4 30710.652000000002 12947.336735182858 49166.953 8656.893 19461.97026315789 19
70 0.5 20000.8016 7622.436337542863 49166.953 8656.893 21418.262739130434 23
80 0.6 20357.744333333332 7378.7821318680735 49166.953 8656.893 21165.14467857143 28
90 0.9 16944.81711111111 3272.77286429136 49166.953 8656.893 21022.662264705883 34
100 2.1 21886.765047619043 7374.5616904689105 49166.953 8656.893 20169.159790697675 43
110 1.1 25818.191000000003 8106.80319089043 49166.953 8656.893 20732.749015625 64
120 0.8 45354.06924999999 8158.3105093147005 58937.67 8656.893 21478.613839999998 75
130 0.4 47853.30725 3451.89072784151 58937.67 8656.893 23779.862554216867 83
140 0.3 58851.793666666665 8655.548795274715 69522.02 8656.893 24886.687597701148 87
142 0 0 0 69522.02 8656.893 26018.8578 90
