30 0.1 27263.236 0 27263.236 27263.236 0 0
40 0 0 0 27263.236 27263.236 27263.236 1
50 0.1 41115.113 0.0 41115.113 27263.236 27263.236 1
60 0.1 28966.058 0.0 41115.113 27263.236 34189.1745 2
70 0 0 0 41115.113 27263.236 32448.13566666667 3
80 0 0 0 41115.113 27263.236 32448.13566666667 3
90 0 0 0 41115.113 27263.236 32448.13566666667 3
100 0.5 29335.4346 3234.8216865168683 41115.113 26403.328 32448.13566666667 3
110 0.3 34827.13966666666 5341.438522934331 41115.113 26403.328 30502.697500000002 8
120 0.8 45351.309125 8158.096103219004 58936.174 26403.328 31682.09081818182 11
130 0.4 47851.674999999996 3451.9446095869635 58936.174 26403.328 37437.55115789474 19
140 0.3 58849.97433333334 8655.446311385771 69520.148 26403.328 39248.703130434784 23
142 0 0 0 69520.148 26403.328 41510.38826923077 26
