20 0.2 15462.703 2453.342999999999 17916.046 13009.36 0 0
30 0.2 27666.201999999997 1637.4190000000008 29303.621 13009.36 15462.703 2
40 0.6 15928.369833333332 5843.850027881659 29303.621 9660.714 21564.4525 4
50 0.6 16038.719000000003 5346.265765886815 29303.621 8654.425 18182.8029 10
60 0.3 22667.693333333333 7911.788621004075 32026.645 8654.425 17378.7714375 16
70 0.6 24860.073666666667 12905.91194567342 49164.958 8654.425 18213.864368421055 19
80 0.6 20355.963833333335 7378.856728507641 49164.958 8654.425 19808.954600000005 25
90 0.9 16942.916333333338 3272.6618033128807 49164.958 8654.425 19914.827354838715 31
100 1.5 18588.412533333336 5776.951693209143 49164.958 8654.425 19246.147375000008 40
110 0.9 23730.50433333333 6854.285352821823 49164.958 8654.425 19066.765145454552 55
120 0 0 0 49164.958 8654.425 19722.603468750007 64
130 0 0 0 49164.958 8654.425 19722.603468750007 64
140 0 0 0 49164.958 8654.425 19722.603468750007 64
142 0 0 0 49164.958 8654.425 19722.603468750007 64
